100000	0.01
200000	0.02
300000	0.03
400000	0.04
500000	0.04
600000	0.04
700000	0.06
800000	0.04
900000	0.05
1000000	0.07
1100000	0.08
1200000	0.08
1300000	0.09
1400000	0.10
1500000	0.09
1600000	0.11
1700000	0.11
1800000	0.12
1900000	0.12
2000000	0.13
2100000	0.11
2200000	0.13
2300000	0.15
2400000	0.14
2500000	0.14
2600000	0.16
2700000	0.17
2800000	0.15
2900000	0.18
3000000	0.17
3100000	0.19
3200000	0.20
3300000	0.20
3400000	0.18
3500000	0.20
3600000	0.22
3700000	0.21
3800000	0.21
3900000	0.21
4000000	0.25
4100000	0.23
4200000	0.25
4300000	0.25
4400000	0.27
4500000	0.25
4600000	0.28
4700000	0.28
4800000	0.28
4900000	0.29
5000000	0.27
5100000	0.28
5200000	0.28
5300000	0.30
5400000	0.30
5500000	0.32
5600000	0.33
5700000	0.34
5800000	0.34
5900000	0.32
6000000	0.36
6100000	0.34
6200000	0.36
6300000	0.34
6400000	0.37
6500000	0.37
6600000	0.38
6700000	0.37
6800000	0.39
6900000	0.40
7000000	0.42
7100000	0.41
7200000	0.39
7300000	0.42
7400000	0.42
7500000	0.42
7600000	0.45
7700000	0.45
7800000	0.45
7900000	0.46
8000000	0.47
8100000	0.46
8200000	0.45
8300000	0.47
8400000	0.48
8500000	0.50
8600000	0.49
8700000	0.49
8800000	0.50
8900000	0.52
9000000	0.52
9100000	0.50
9200000	0.54
9300000	0.53
9400000	0.54
9500000	0.54
9600000	0.56
9700000	0.54
9800000	0.55
9900000	0.55
10000000	0.56
10100000	0.59
10200000	0.58
10300000	0.57
10400000	0.60
10500000	0.59
10600000	0.62
10700000	0.61
10800000	0.59
10900000	0.60
11000000	0.62
11100000	0.64
11200000	0.63
11300000	0.64
11400000	0.66
11500000	0.66
11600000	0.65
11700000	0.67
11800000	0.67
11900000	0.65
12000000	0.69
12100000	0.68
12200000	0.71
12300000	0.69
12400000	0.68
12500000	0.70
12600000	0.71
12700000	0.70
12800000	0.71
12900000	0.71
13000000	0.74
13100000	0.75
13200000	0.74
13300000	0.76
13400000	0.74
13500000	0.77
13600000	0.78
13700000	0.77
13800000	0.79
13900000	0.77
14000000	0.79
14100000	0.76
14200000	0.81
14300000	0.81
14400000	0.80
14500000	0.83
14600000	0.83
14700000	0.82
14800000	0.84
14900000	0.83
15000000	0.85
15100000	0.85
15200000	0.86
15300000	0.86
15400000	0.88
15500000	0.87
15600000	0.87
15700000	0.87
15800000	0.90
15900000	0.89
16000000	0.88
16100000	0.92
16200000	0.92
16300000	0.92
16400000	0.91
16500000	0.93
16600000	0.94
16700000	0.95
16800000	0.94
16900000	0.96
17000000	0.94
17100000	0.96
17200000	0.97
17300000	0.99
17400000	0.97
17500000	0.99
17600000	0.99
17700000	0.98
17800000	0.99
17900000	1.01
18000000	1.00
18100000	1.02
18200000	1.03
18300000	1.05
18400000	1.02
18500000	1.03
18600000	1.06
18700000	1.05
18800000	1.05
18900000	1.05
19000000	1.08
19100000	1.08
19200000	1.08
19300000	1.09
19400000	1.08
19500000	1.08
19600000	1.09
19700000	1.10
19800000	1.13
19900000	1.14
20000000	1.13
20100000	1.13
20200000	1.13
20300000	1.13
20400000	1.13
20500000	1.17
20600000	1.17
20700000	1.14
20800000	1.17
20900000	1.16
21000000	1.17
21100000	1.20
21200000	1.19
21300000	1.21
21400000	1.19
21500000	1.19
21600000	1.20
21700000	1.22
21800000	1.23
21900000	1.24
22000000	1.25
22100000	1.26
22200000	1.25
22300000	1.26
22400000	1.29
22500000	1.27
22600000	1.28
22700000	1.27
22800000	1.29
22900000	1.27
23000000	1.29
23100000	1.31
23200000	1.30
23300000	1.32
23400000	1.33
23500000	1.31
23600000	1.34
23700000	1.34
23800000	1.32
23900000	1.34
24000000	1.37
24100000	1.34
24200000	1.33
24300000	1.35
24400000	1.39
24500000	1.37
24600000	1.38
24700000	1.37
24800000	1.35
24900000	1.36
25000000	1.39
25100000	1.43
25200000	1.42
25300000	1.41
25400000	1.44
25500000	1.42
25600000	1.45
25700000	1.45
25800000	1.46
25900000	1.44
26000000	1.47
26100000	1.46
26200000	1.44
26300000	1.50
26400000	1.48
26500000	1.48
26600000	1.48
26700000	1.48
26800000	1.48
26900000	1.53
27000000	1.49
27100000	1.56
27200000	1.54
27300000	1.53
27400000	1.56
27500000	1.52
27600000	1.57
27700000	1.58
27800000	1.54
27900000	1.58
28000000	1.57
28100000	1.59
28200000	1.58
28300000	1.56
28400000	1.61
28500000	1.59
28600000	1.60
28700000	1.61
28800000	1.61
28900000	1.60
29000000	1.64
29100000	1.62
29200000	1.66
29300000	1.66
29400000	1.66
29500000	1.63
29600000	1.66
29700000	1.67
29800000	1.65
29900000	1.68
30000000	1.69
30100000	1.71
30200000	1.69
30300000	1.69
30400000	1.71
30500000	1.69
30600000	1.72
30700000	1.71
30800000	1.72
30900000	1.74
31000000	1.74
31100000	1.72
31200000	1.76
31300000	1.76
31400000	1.74
31500000	1.76
31600000	1.80
31700000	1.75
31800000	1.77
31900000	1.80
32000000	1.78
32100000	1.78
32200000	1.82
32300000	1.81
32400000	1.84
32500000	1.82
32600000	1.82
32700000	1.84
32800000	1.86
32900000	1.85
33000000	1.88
33100000	1.85
33200000	1.86
33300000	1.86
33400000	1.90
33500000	1.86
33600000	1.85
33700000	1.90
33800000	1.92
33900000	1.90
34000000	1.92
34100000	1.90
34200000	1.94
34300000	1.90
34400000	1.94
34500000	1.92
34600000	1.94
34700000	1.94
34800000	1.97
34900000	1.99
35000000	1.99
35100000	1.98
35200000	1.99
35300000	1.99
35400000	1.97
35500000	1.98
35600000	2.03
35700000	2.03
35800000	2.02
35900000	2.04
36000000	2.04
36100000	2.06
36200000	1.99
36300000	2.02
36400000	2.05
36500000	2.03
36600000	2.03
36700000	2.07
36800000	2.05
36900000	2.08
37000000	2.08
37100000	2.08
37200000	2.11
37300000	2.11
37400000	2.09
37500000	2.09
37600000	2.09
37700000	2.15
37800000	2.13
37900000	2.16
38000000	2.10
38100000	2.13
38200000	2.13
38300000	2.15
38400000	2.15
38500000	2.17
38600000	2.18
38700000	2.15
38800000	2.16
38900000	2.20
39000000	2.20
39100000	2.19
39200000	2.19
39300000	2.27
39400000	2.25
39500000	2.25
39600000	2.20
39700000	2.20
39800000	2.26
39900000	2.24
40000000	2.27
40100000	2.24
40200000	2.26
40300000	2.26
40400000	2.28
40500000	2.28
40600000	2.31
40700000	2.26
40800000	2.32
40900000	2.28
41000000	2.29
41100000	2.29
41200000	2.33
41300000	2.34
41400000	2.36
41500000	2.36
41600000	2.36
41700000	2.37
41800000	2.34
41900000	2.37
42000000	2.35
42100000	2.35
42200000	2.40
42300000	2.38
42400000	2.36
42500000	2.38
42600000	2.36
42700000	2.42
42800000	2.43
42900000	2.44
43000000	2.45
43100000	2.40
43200000	2.41
43300000	2.40
43400000	2.45
43500000	2.46
43600000	2.49
43700000	2.45
43800000	2.43
43900000	2.44
44000000	2.45
44100000	2.51
44200000	2.51
44300000	2.47
44400000	2.48
44500000	2.50
44600000	2.52
44700000	2.51
44800000	2.55
44900000	2.51
45000000	2.54
45100000	2.51
45200000	2.57
45300000	2.55
45400000	2.58
45500000	2.57
45600000	2.60
45700000	2.56
45800000	2.55
45900000	2.57
46000000	2.61
46100000	2.57
46200000	2.64
46300000	2.56
46400000	2.62
46500000	2.62
46600000	2.63
46700000	2.63
46800000	2.63
46900000	2.71
47000000	2.67
47100000	2.62
47200000	2.67
47300000	2.65
47400000	2.61
47500000	2.66
47600000	2.63
47700000	2.70
47800000	2.67
47900000	2.69
48000000	2.69
48100000	2.77
48200000	2.69
48300000	2.71
48400000	2.73
48500000	2.71
48600000	2.74
48700000	2.75
48800000	2.75
48900000	2.72
49000000	2.75
49100000	2.73
49200000	2.77
49300000	2.74
49400000	2.78
49500000	2.80
49600000	2.83
49700000	2.83
49800000	2.82
49900000	2.78
50000000	2.83
